0.762037437199617, 0.28111287952269026
1.5575234605191808, 0.5673759606455475
2.196998908927461, 1.1072801460253974
2.5843346576382262, 2.0874570244180237
3.089021881705339, 2.3822763214570513
3.718641608824904, 2.778319293060577
3.936189152792821, 3.1473512075727124
4.758381720929983, 3.6700725093427184
5.260191033558932, 4.081584580899677
5.628012112278351, 4.339481890038076
5.735859399505383, 5.0000118160636395
0.3127935116884938, 0.757628823004141
1.1447995005051324, 1.5803606065218374
1.6432917759433399, 2.4634141451265545
2.4758957506376644, 3.4544530034333256
3.3455481245987824, 4.1103311189012555
3.4834795660982714, 4.462932015608198
3.7937085755431585, 4.593980222057525
4.193432669592557, 4.749371458895158
4.633772911184472, 4.777901370005393
5.450624640823421, 5.427252370643988
6.343815755590286, 5.758205131984763
6.631791768846235, 5.937211928764112
